1 11 5
11   5780  32
13 3891   53
16 8383 51
19 2178   94
22  476  52
26 6704 56
27   3140 31
33 4776  52
34 8691   62
36  9193 106
37  9704 55
38  798 96
39   8105   49
43 3309  103
44   2300  83
45 5983 74
46   9837 74
47  2112  85
49   1099   55
55   8620  124
57  4543 104
59  5292  152
60 1558 128
61   1396 132
65 8427  153
66   2313 149
67   5335 100
68   1041 102
71 7716 114
72  1952  164
73   8155 77
76 7059  84
77 5390 117
81  572  158
82   9178  119
88  9642   114
89   9082   137
91 4372  94
93  5727 188
94  9928  165
97 1817   134
99   9005  178
108   6883   125
112   8187 147
113   9262 147
115  7874 168
117  9511 153
121   5846   165
122   8449  199
123 8240   128
125  5991  138
126   7737   179
127  858 131
128  2090  208
129   8197   186
133  2872  142
139 8321 238
140 9590  194
142 4781   171
144   5195 166
147 451   198
149  4856   222
152   3744 246
153   8887 219
154 1630 196
157  617   211
160   5118  196
161   425  237
165   241   256
167 6172   221
168 5391 201
172 9866 206
176 2253 208
181 8624  210
182  1900  246
186 6271  268
189   4223  217
191  6824 279
